(kicad_pcb (version 20171130) (host pcbnew "(5.1.0)-1")

  (general
    (thickness 1.6)
    (drawings 44)
    (tracks 897)
    (zones 0)
    (modules 71)
    (nets 56)
  )

  (page A4)
  (layers
    (0 F.Cu signal)
    (31 B.Cu signal)
    (32 B.Adhes user)
    (33 F.Adhes user)
    (34 B.Paste user)
    (35 F.Paste user)
    (36 B.SilkS user)
    (37 F.SilkS user)
    (38 B.Mask user)
    (39 F.Mask user)
    (40 Dwgs.User user)
    (41 Cmts.User user)
    (42 Eco1.User user)
    (43 Eco2.User user)
    (44 Edge.Cuts user)
    (45 Margin user)
    (46 B.CrtYd user)
    (47 F.CrtYd user)
    (48 B.Fab user hide)
    (49 F.Fab user hide)
  )

  (setup
    (last_trace_width 0.25)
    (user_trace_width 0.3)
    (user_trace_width 0.4)
    (user_trace_width 0.5)
    (user_trace_width 0.6)
    (trace_clearance 0.199)
    (zone_clearance 0.254)
    (zone_45_only no)
    (trace_min 0.199)
    (via_size 0.6)
    (via_drill 0.4)
    (via_min_size 0.4)
    (via_min_drill 0.3)
    (user_via 0.4 0.3)
    (user_via 0.45 0.3)
    (user_via 0.6 0.4)
    (user_via 0.8 0.6)
    (user_via 1 0.8)
    (uvia_size 0.3)
    (uvia_drill 0.1)
    (uvias_allowed no)
    (uvia_min_size 0.2)
    (uvia_min_drill 0.1)
    (edge_width 0.1)
    (segment_width 0.2)
    (pcb_text_width 0.3)
    (pcb_text_size 1.5 1.5)
    (mod_edge_width 0.15)
    (mod_text_size 1 1)
    (mod_text_width 0.15)
    (pad_size 1.5 1.5)
    (pad_drill 0.6)
    (pad_to_mask_clearance 0)
    (solder_mask_min_width 0.25)
    (aux_axis_origin 0 0)
    (visible_elements 7FFFFFFF)
    (pcbplotparams
      (layerselection 0x00030_80000001)
      (usegerberextensions false)
      (usegerberattributes false)
      (usegerberadvancedattributes false)
      (creategerberjobfile false)
      (excludeedgelayer true)
      (linewidth 0.100000)
      (plotframeref false)
      (viasonmask false)
      (mode 1)
      (useauxorigin false)
      (hpglpennumber 1)
      (hpglpenspeed 20)
      (hpglpendiameter 15.000000)
      (psnegative false)
      (psa4output false)
      (plotreference true)
      (plotvalue true)
      (plotinvisibletext false)
      (padsonsilk false)
      (subtractmaskfromsilk false)
      (outputformat 1)
      (mirror false)
      (drillshape 1)
      (scaleselection 1)
      (outputdirectory ""))
  )

  (net 0 "")
  (net 1 +5VP)
  (net 2 GNDPWR)
  (net 3 "Net-(C3-Pad2)")
  (net 4 GND)
  (net 5 "Net-(C4-Pad2)")
  (net 6 +5V)
  (net 7 +3V3)
  (net 8 "Net-(C9-Pad2)")
  (net 9 "Net-(C10-Pad2)")
  (net 10 "Net-(C11-Pad1)")
  (net 11 "Net-(D1-Pad2)")
  (net 12 "Net-(D2-Pad1)")
  (net 13 /MCU/UART_RX)
  (net 14 /MCU/UART_TX)
  (net 15 "Net-(D5-Pad1)")
  (net 16 "Net-(D6-Pad1)")
  (net 17 "Net-(D7-Pad1)")
  (net 18 "Net-(D8-Pad1)")
  (net 19 "Net-(D9-Pad1)")
  (net 20 "Net-(D10-Pad1)")
  (net 21 /MCU/Vtarget)
  (net 22 "Net-(F1-Pad1)")
  (net 23 "Net-(F1-Pad2)")
  (net 24 T_JTCK)
  (net 25 "Net-(J6-Pad1)")
  (net 26 "Net-(Q1-Pad1)")
  (net 27 "Net-(Q1-Pad2)")
  (net 28 "Net-(R11-Pad2)")
  (net 29 /MCU/USB_RENUMn)
  (net 30 /MCU/LED_STLINK)
  (net 31 "Net-(R10-Pad1)")
  (net 32 /MCU/USB_DM)
  (net 33 /MCU/USB_DP)
  (net 34 T_JTMS)
  (net 35 T_NRST)
  (net 36 T_SWO)
  (net 37 "Net-(R22-Pad2)")
  (net 38 "Net-(R23-Pad1)")
  (net 39 "Net-(R24-Pad1)")
  (net 40 "Net-(R25-Pad1)")
  (net 41 "Net-(R26-Pad1)")
  (net 42 "Net-(R27-Pad1)")
  (net 43 SYS_NRST)
  (net 44 SYS_JTMS)
  (net 45 SYS_JTCK)
  (net 46 "Net-(J7-PadA5)")
  (net 47 "Net-(J7-PadB5)")
  (net 48 /DIN_+)
  (net 49 /DIN_-)
  (net 50 /UD+)
  (net 51 /UD-)
  (net 52 "Net-(J1-Pad2)")
  (net 53 "Net-(J1-Pad4)")
  (net 54 "Net-(J1-Pad5)")
  (net 55 "Net-(J1-Pad6)")

  (net_class Default "これは標準のネット クラスです。"
    (clearance 0.199)
    (trace_width 0.25)
    (via_dia 0.6)
    (via_drill 0.4)
    (uvia_dia 0.3)
    (uvia_drill 0.1)
    (add_net +3V3)
    (add_net +5V)
    (add_net +5VP)
    (add_net /DIN_+)
    (add_net /DIN_-)
    (add_net /MCU/LED_STLINK)
    (add_net /MCU/UART_RX)
    (add_net /MCU/UART_TX)
    (add_net /MCU/USB_DM)
    (add_net /MCU/USB_DP)
    (add_net /MCU/USB_RENUMn)
    (add_net /MCU/Vtarget)
    (add_net /UD+)
    (add_net /UD-)
    (add_net GND)
    (add_net GNDPWR)
    (add_net "Net-(C10-Pad2)")
    (add_net "Net-(C11-Pad1)")
    (add_net "Net-(C3-Pad2)")
    (add_net "Net-(C4-Pad2)")
    (add_net "Net-(C9-Pad2)")
    (add_net "Net-(D1-Pad2)")
    (add_net "Net-(D10-Pad1)")
    (add_net "Net-(D2-Pad1)")
    (add_net "Net-(D5-Pad1)")
    (add_net "Net-(D6-Pad1)")
    (add_net "Net-(D7-Pad1)")
    (add_net "Net-(D8-Pad1)")
    (add_net "Net-(D9-Pad1)")
    (add_net "Net-(F1-Pad1)")
    (add_net "Net-(F1-Pad2)")
    (add_net "Net-(J1-Pad2)")
    (add_net "Net-(J1-Pad4)")
    (add_net "Net-(J1-Pad5)")
    (add_net "Net-(J1-Pad6)")
    (add_net "Net-(J6-Pad1)")
    (add_net "Net-(J7-PadA5)")
    (add_net "Net-(J7-PadB5)")
    (add_net "Net-(Q1-Pad1)")
    (add_net "Net-(Q1-Pad2)")
    (add_net "Net-(R10-Pad1)")
    (add_net "Net-(R11-Pad2)")
    (add_net "Net-(R22-Pad2)")
    (add_net "Net-(R23-Pad1)")
    (add_net "Net-(R24-Pad1)")
    (add_net "Net-(R25-Pad1)")
    (add_net "Net-(R26-Pad1)")
    (add_net "Net-(R27-Pad1)")
    (add_net SYS_JTCK)
    (add_net SYS_JTMS)
    (add_net SYS_NRST)
    (add_net T_JTCK)
    (add_net T_JTMS)
    (add_net T_NRST)
    (add_net T_SWO)
  )

  (module Converter_DCDC_my:Converter_DCDC_RECOM_RFM-0505S-0.2_THT (layer F.Cu) (tedit 5CD62E55) (tstamp 5CD6F218)
    (at 164.5 55)
    (descr "DCDC-Converter, RECOM, RECOM_R-78S-0.1, SIP-4, pitch 2.54mm, package size 11.6x8.5x10.4mm^3, https://www.recom-power.com/pdf/Innoline/R-78Sxx-0.1.pdf")
    (tags "dc-dc recom buck sip-4 pitch 2.54mm")
    (path /5CD8A452)
    (fp_text reference U1 (at 3.81 -5.5) (layer F.SilkS)
      (effects (font (size 1 1) (thickness 0.15)))
    )
    (fp_text value RFM-0505S (at 3.81 2.25) (layer F.Fab)
      (effects (font (size 1 1) (thickness 0.15)))
    )
    (fp_text user %R (at 3.81 -2.25) (layer F.Fab)
      (effects (font (size 1 1) (thickness 0.15)))
    )
    (fp_line (start 9.85 -5) (end -2.15 -5) (layer F.CrtYd) (width 0.05))
    (fp_line (start 9.85 1.5) (end 9.85 -5) (layer F.CrtYd) (width 0.05))
    (fp_line (start -2.15 1.5) (end 9.85 1.5) (layer F.CrtYd) (width 0.05))
    (fp_line (start -2.15 -5) (end -2.15 1.5) (layer F.CrtYd) (width 0.05))
    (fp_line (start -2.2 1.55) (end -0.96 1.55) (layer F.SilkS) (width 0.12))
    (fp_line (start -2.2 0.31) (end -2.2 1.55) (layer F.SilkS) (width 0.12))
    (fp_line (start 9.65 -4.8) (end 9.65 1.3) (layer F.SilkS) (width 0.12))
    (fp_line (start -1.95 -4.8) (end -1.95 1.3) (layer F.SilkS) (width 0.12))
    (fp_line (start -1.95 1.3) (end 9.65 1.3) (layer F.SilkS) (width 0.12))
    (fp_line (start -1.95 -4.8) (end 9.65 -4.8) (layer F.SilkS) (width 0.12))
    (fp_line (start -1.9 0.25) (end -1.9 -4.75) (layer F.Fab) (width 0.1))
    (fp_line (start -0.9 1.25) (end -1.9 0.25) (layer F.Fab) (width 0.1))
    (fp_line (start 9.6 1.25) (end -0.9 1.25) (layer F.Fab) (width 0.1))
    (fp_line (start 9.6 -4.75) (end 9.6 1.25) (layer F.Fab) (width 0.1))
    (fp_line (start -1.9 -4.75) (end 9.6 -4.75) (layer F.Fab) (width 0.1))
    (pad 4 thru_hole oval (at 7.62 0) (size 1.5 2.3) (drill 1) (layers *.Cu *.Mask)
      (net 6 +5V))
    (pad 3 thru_hole oval (at 5.08 0) (size 1.5 2.3) (drill 1) (layers *.Cu *.Mask)
      (net 4 GND))
    (pad 2 thru_hole oval (at 2.54 0) (size 1.5 2.3) (drill 1) (layers *.Cu *.Mask)
      (net 1 +5VP))
    (pad 1 thru_hole rect (at 0 0) (size 1.5 2.3) (drill 1) (layers *.Cu *.Mask)
      (net 2 GNDPWR))
    (model ${KISYS3DMOD}/Converter_DCDC.3dshapes/Converter_DCDC_RECOM_R-78S-0.1_THT.wrl
      (at (xyz 0 0 0))
      (scale (xyz 1 1 1))
      (rotate (xyz 0 0 0))
    )
  )

  (module Connector_USB:USB_C_Receptacle_GCT_USB4085 (layer F.Cu) (tedit 5BCCCD93) (tstamp 5CD621D8)
    (at 158.4 62.9 270)
    (descr "USB 2.0 Type C Receptacle, https://gct.co/Files/Drawings/USB4085.pdf")
    (tags "USB Type-C Receptacle Through-hole Right angle")
    (path /5CC5CAFE)
    (fp_text reference J7 (at 6.6 -1.8 270) (layer F.SilkS)
      (effects (font (size 1 1) (thickness 0.15)))
    )
    (fp_text value USB_C_Receptacle_USB2.0 (at 2.975 9.925 270) (layer F.Fab)
      (effects (font (size 1 1) (thickness 0.15)))
    )
    (fp_line (start -1.5 -0.56) (end 7.45 -0.56) (layer F.Fab) (width 0.1))
    (fp_line (start -1.5 8.61) (end 7.45 8.61) (layer F.Fab) (width 0.1))
    (fp_line (start -1.62 8.73) (end 7.57 8.73) (layer F.SilkS) (width 0.12))
    (fp_line (start -1.5 -0.68) (end 7.45 -0.68) (layer F.SilkS) (width 0.12))
    (fp_line (start -1.5 -0.56) (end -1.5 8.61) (layer F.Fab) (width 0.1))
    (fp_line (start 7.45 -0.56) (end 7.45 8.61) (layer F.Fab) (width 0.1))
    (fp_line (start 7.57 6) (end 7.57 8.73) (layer F.SilkS) (width 0.12))
    (fp_line (start -1.62 6) (end -1.62 8.73) (layer F.SilkS) (width 0.12))
    (fp_line (start 7.57 2.4) (end 7.57 3.3) (layer F.SilkS) (width 0.12))
    (fp_line (start -1.62 2.4) (end -1.62 3.3) (layer F.SilkS) (width 0.12))
    (fp_line (start -2.3 -1.06) (end -2.3 9.11) (layer F.CrtYd) (width 0.05))
    (fp_line (start -2.3 9.11) (end 8.25 9.11) (layer F.CrtYd) (width 0.05))
    (fp_line (start -2.3 -1.06) (end 8.25 -1.06) (layer F.CrtYd) (width 0.05))
    (fp_line (start 8.25 -1.06) (end 8.25 9.11) (layer F.CrtYd) (width 0.05))
    (fp_line (start -0.025 6.1) (end 5.975 6.1) (layer F.Fab) (width 0.1))
    (fp_text user "PCB Edge" (at 2.975 6.1 270) (layer Dwgs.User)
      (effects (font (size 0.5 0.5) (thickness 0.1)))
    )
    (fp_text user %R (at 2.975 4.025 270) (layer F.Fab)
      (effects (font (size 1 1) (thickness 0.15)))
    )
    (pad A1 thru_hole circle (at 0 0 270) (size 0.7 0.7) (drill 0.4) (layers *.Cu *.Mask)
      (net 2 GNDPWR))
    (pad A4 thru_hole circle (at 0.85 0 270) (size 0.7 0.7) (drill 0.4) (layers *.Cu *.Mask)
      (net 23 "Net-(F1-Pad2)"))
    (pad A5 thru_hole circle (at 1.7 0 270) (size 0.7 0.7) (drill 0.4) (layers *.Cu *.Mask)
      (net 46 "Net-(J7-PadA5)"))
    (pad A6 thru_hole circle (at 2.55 0 270) (size 0.7 0.7) (drill 0.4) (layers *.Cu *.Mask)
      (net 48 /DIN_+))
    (pad A7 thru_hole circle (at 3.4 0 270) (size 0.7 0.7) (drill 0.4) (layers *.Cu *.Mask)
      (net 49 /DIN_-))
    (pad A8 thru_hole circle (at 4.25 0 270) (size 0.7 0.7) (drill 0.4) (layers *.Cu *.Mask))
    (pad A9 thru_hole circle (at 5.1 0 270) (size 0.7 0.7) (drill 0.4) (layers *.Cu *.Mask)
      (net 23 "Net-(F1-Pad2)"))
    (pad A12 thru_hole circle (at 5.95 0 270) (size 0.7 0.7) (drill 0.4) (layers *.Cu *.Mask)
      (net 2 GNDPWR))
    (pad B9 thru_hole circle (at 0.85 1.35 270) (size 0.7 0.7) (drill 0.4) (layers *.Cu *.Mask)
      (net 23 "Net-(F1-Pad2)"))
    (pad B7 thru_hole circle (at 2.55 1.35 270) (size 0.7 0.7) (drill 0.4) (layers *.Cu *.Mask)
      (net 49 /DIN_-))
    (pad B8 thru_hole circle (at 1.7 1.35 270) (size 0.7 0.7) (drill 0.4) (layers *.Cu *.Mask))
    (pad B12 thru_hole circle (at 0 1.35 270) (size 0.7 0.7) (drill 0.4) (layers *.Cu *.Mask)
      (net 2 GNDPWR))
    (pad B5 thru_hole circle (at 4.25 1.35 270) (size 0.7 0.7) (drill 0.4) (layers *.Cu *.Mask)
      (net 47 "Net-(J7-PadB5)"))
    (pad B4 thru_hole circle (at 5.1 1.35 270) (size 0.7 0.7) (drill 0.4) (layers *.Cu *.Mask)
      (net 23 "Net-(F1-Pad2)"))
    (pad B1 thru_hole circle (at 5.95 1.35 270) (size 0.7 0.7) (drill 0.4) (layers *.Cu *.Mask)
      (net 2 GNDPWR))
    (pad B6 thru_hole circle (at 3.4 1.35 270) (size 0.7 0.7) (drill 0.4) (layers *.Cu *.Mask)
      (net 48 /DIN_+))
    (pad S1 thru_hole oval (at -1.35 0.98 270) (size 0.9 2.4) (drill oval 0.6 2.1) (layers *.Cu *.Mask)
      (net 2 GNDPWR))
    (pad S1 thru_hole oval (at 7.3 0.98 270) (size 0.9 2.4) (drill oval 0.6 2.1) (layers *.Cu *.Mask)
      (net 2 GNDPWR))
    (pad S1 thru_hole oval (at -1.35 4.36 270) (size 0.9 1.7) (drill oval 0.6 1.4) (layers *.Cu *.Mask)
      (net 2 GNDPWR))
    (pad S1 thru_hole oval (at 7.3 4.36 270) (size 0.9 1.7) (drill oval 0.6 1.4) (layers *.Cu *.Mask)
      (net 2 GNDPWR))
    (model ${KIPRJMOD}/GCT_USB4085GFA/USB4085-GF-A.stp
      (offset (xyz 3 -8 0))
      (scale (xyz 1 1 1))
      (rotate (xyz -90 0 0))
    )
  )

  (module Resistor_SMD:R_0603_1608Metric (layer F.Cu) (tedit 5B301BBD) (tstamp 5B958F44)
    (at 163.1 77.6 270)
    (descr "Resistor SMD 0603 (1608 Metric), square (rectangular) end terminal, IPC_7351 nominal, (Body size source: http://www.tortai-tech.com/upload/download/2011102023233369053.pdf), generated with kicad-footprint-generator")
    (tags resistor)
    (path /59E595A8)
    (attr smd)
    (fp_text reference R33 (at -2.9 0 270) (layer F.SilkS)
      (effects (font (size 1 1) (thickness 0.15)))
    )
    (fp_text value 0 (at 0 1.43 270) (layer F.Fab)
      (effects (font (size 1 1) (thickness 0.15)))
    )
    (fp_text user %R (at 0 0 270) (layer F.Fab)
      (effects (font (size 0.4 0.4) (thickness 0.06)))
    )
    (fp_line (start 1.48 0.73) (end -1.48 0.73) (layer F.CrtYd) (width 0.05))
    (fp_line (start 1.48 -0.73) (end 1.48 0.73) (layer F.CrtYd) (width 0.05))
    (fp_line (start -1.48 -0.73) (end 1.48 -0.73) (layer F.CrtYd) (width 0.05))
    (fp_line (start -1.48 0.73) (end -1.48 -0.73) (layer F.CrtYd) (width 0.05))
    (fp_line (start -0.162779 0.51) (end 0.162779 0.51) (layer F.SilkS) (width 0.12))
    (fp_line (start -0.162779 -0.51) (end 0.162779 -0.51) (layer F.SilkS) (width 0.12))
    (fp_line (start 0.8 0.4) (end -0.8 0.4) (layer F.Fab) (width 0.1))
    (fp_line (start 0.8 -0.4) (end 0.8 0.4) (layer F.Fab) (width 0.1))
    (fp_line (start -0.8 -0.4) (end 0.8 -0.4) (layer F.Fab) (width 0.1))
    (fp_line (start -0.8 0.4) (end -0.8 -0.4) (layer F.Fab) (width 0.1))
    (pad 2 smd roundrect (at 0.7875 0 270) (size 0.875 0.95) (layers F.Cu F.Paste F.Mask) (roundrect_rratio 0.25)
      (net 52 "Net-(J1-Pad2)"))
    (pad 1 smd roundrect (at -0.7875 0 270) (size 0.875 0.95) (layers F.Cu F.Paste F.Mask) (roundrect_rratio 0.25)
      (net 45 SYS_JTCK))
    (model ${KISYS3DMOD}/Resistor_SMD.3dshapes/R_0603_1608Metric.wrl
      (at (xyz 0 0 0))
      (scale (xyz 1 1 1))
      (rotate (xyz 0 0 0))
    )
  )

  (module Package_QFP:LQFP-48_7x7mm_P0.5mm (layer F.Cu) (tedit 5A5E2375) (tstamp 5B958FAA)
    (at 174.9 73.8 90)
    (descr "48 LEAD LQFP 7x7mm (see MICREL LQFP7x7-48LD-PL-1.pdf)")
    (tags "QFP 0.5")
    (path /5947EEDF/5947EEE8)
    (attr smd)
    (fp_text reference U4 (at 0 -6 90) (layer F.SilkS)
      (effects (font (size 1 1) (thickness 0.15)))
    )
    (fp_text value STM32F103CBTx (at 0 6 90) (layer F.Fab)
      (effects (font (size 1 1) (thickness 0.15)))
    )
    (fp_line (start 3.13 3.75) (end 3.75 3.75) (layer F.CrtYd) (width 0.05))
    (fp_line (start 3.75 3.13) (end 3.75 3.75) (layer F.CrtYd) (width 0.05))
    (fp_line (start 3.13 5.25) (end 3.13 3.75) (layer F.CrtYd) (width 0.05))
    (fp_text user %R (at 0 0 90) (layer F.Fab)
      (effects (font (size 1 1) (thickness 0.15)))
    )
    (fp_line (start -2.5 -3.5) (end 3.5 -3.5) (layer F.Fab) (width 0.1))
    (fp_line (start 3.5 -3.5) (end 3.5 3.5) (layer F.Fab) (width 0.1))
    (fp_line (start 3.5 3.5) (end -3.5 3.5) (layer F.Fab) (width 0.1))
    (fp_line (start -3.5 3.5) (end -3.5 -2.5) (layer F.Fab) (width 0.1))
    (fp_line (start -3.5 -2.5) (end -2.5 -3.5) (layer F.Fab) (width 0.1))
    (fp_line (start -5.25 -3.13) (end -5.25 3.13) (layer F.CrtYd) (width 0.05))
    (fp_line (start 5.25 -3.13) (end 5.25 3.13) (layer F.CrtYd) (width 0.05))
    (fp_line (start -3.13 -5.25) (end 3.13 -5.25) (layer F.CrtYd) (width 0.05))
    (fp_line (start -3.13 5.25) (end 3.13 5.25) (layer F.CrtYd) (width 0.05))
    (fp_line (start 3.56 -3.56) (end 3.56 -3.14) (layer F.SilkS) (width 0.12))
    (fp_line (start 3.56 3.56) (end 3.56 3.14) (layer F.SilkS) (width 0.12))
    (fp_line (start -3.56 3.56) (end -3.56 3.14) (layer F.SilkS) (width 0.12))
    (fp_line (start -3.56 -3.56) (end -3.14 -3.56) (layer F.SilkS) (width 0.12))
    (fp_line (start 3.56 3.56) (end 3.14 3.56) (layer F.SilkS) (width 0.12))
    (fp_line (start 3.56 -3.56) (end 3.14 -3.56) (layer F.SilkS) (width 0.12))
    (fp_line (start -3.56 -3.14) (end -4.94 -3.14) (layer F.SilkS) (width 0.12))
    (fp_line (start -3.56 -3.56) (end -3.56 -3.14) (layer F.SilkS) (width 0.12))
    (fp_line (start -3.56 3.56) (end -3.14 3.56) (layer F.SilkS) (width 0.12))
    (fp_line (start 3.75 3.13) (end 5.25 3.13) (layer F.CrtYd) (width 0.05))
    (fp_line (start 3.75 -3.13) (end 5.25 -3.13) (layer F.CrtYd) (width 0.05))
    (fp_line (start 3.13 -3.75) (end 3.13 -5.25) (layer F.CrtYd) (width 0.05))
    (fp_line (start -3.13 -3.75) (end -3.13 -5.25) (layer F.CrtYd) (width 0.05))
    (fp_line (start -3.75 -3.13) (end -5.25 -3.13) (layer F.CrtYd) (width 0.05))
    (fp_line (start -3.75 3.13) (end -5.25 3.13) (layer F.CrtYd) (width 0.05))
    (fp_line (start -3.13 3.75) (end -3.13 5.25) (layer F.CrtYd) (width 0.05))
    (fp_line (start 3.13 -3.75) (end 3.75 -3.75) (layer F.CrtYd) (width 0.05))
    (fp_line (start 3.75 -3.13) (end 3.75 -3.75) (layer F.CrtYd) (width 0.05))
    (fp_line (start -3.75 3.13) (end -3.75 3.75) (layer F.CrtYd) (width 0.05))
    (fp_line (start -3.13 3.75) (end -3.75 3.75) (layer F.CrtYd) (width 0.05))
    (fp_line (start -3.75 -3.13) (end -3.75 -3.75) (layer F.CrtYd) (width 0.05))
    (fp_line (start -3.13 -3.75) (end -3.75 -3.75) (layer F.CrtYd) (width 0.05))
    (pad 1 smd rect (at -4.35 -2.75 90) (size 1.3 0.25) (layers F.Cu F.Paste F.Mask)
      (net 7 +3V3))
    (pad 2 smd rect (at -4.35 -2.25 90) (size 1.3 0.25) (layers F.Cu F.Paste F.Mask)
      (net 40 "Net-(R25-Pad1)"))
    (pad 3 smd rect (at -4.35 -1.75 90) (size 1.3 0.25) (layers F.Cu F.Paste F.Mask)
      (net 38 "Net-(R23-Pad1)"))
    (pad 4 smd rect (at -4.35 -1.25 90) (size 1.3 0.25) (layers F.Cu F.Paste F.Mask))
    (pad 5 smd rect (at -4.35 -0.75 90) (size 1.3 0.25) (layers F.Cu F.Paste F.Mask)
      (net 8 "Net-(C9-Pad2)"))
    (pad 6 smd rect (at -4.35 -0.25 90) (size 1.3 0.25) (layers F.Cu F.Paste F.Mask)
      (net 9 "Net-(C10-Pad2)"))
    (pad 7 smd rect (at -4.35 0.25 90) (size 1.3 0.25) (layers F.Cu F.Paste F.Mask)
      (net 43 SYS_NRST))
    (pad 8 smd rect (at -4.35 0.75 90) (size 1.3 0.25) (layers F.Cu F.Paste F.Mask)
      (net 4 GND))
    (pad 9 smd rect (at -4.35 1.25 90) (size 1.3 0.25) (layers F.Cu F.Paste F.Mask)
      (net 7 +3V3))
    (pad 10 smd rect (at -4.35 1.75 90) (size 1.3 0.25) (layers F.Cu F.Paste F.Mask)
      (net 42 "Net-(R27-Pad1)"))
    (pad 11 smd rect (at -4.35 2.25 90) (size 1.3 0.25) (layers F.Cu F.Paste F.Mask))
    (pad 12 smd rect (at -4.35 2.75 90) (size 1.3 0.25) (layers F.Cu F.Paste F.Mask)
      (net 14 /MCU/UART_TX))
    (pad 13 smd rect (at -2.75 4.35 180) (size 1.3 0.25) (layers F.Cu F.Paste F.Mask)
      (net 13 /MCU/UART_RX))
    (pad 14 smd rect (at -2.25 4.35 180) (size 1.3 0.25) (layers F.Cu F.Paste F.Mask))
    (pad 15 smd rect (at -1.75 4.35 180) (size 1.3 0.25) (layers F.Cu F.Paste F.Mask)
      (net 24 T_JTCK))
    (pad 16 smd rect (at -1.25 4.35 180) (size 1.3 0.25) (layers F.Cu F.Paste F.Mask))
    (pad 17 smd rect (at -0.75 4.35 180) (size 1.3 0.25) (layers F.Cu F.Paste F.Mask))
    (pad 18 smd rect (at -0.25 4.35 180) (size 1.3 0.25) (layers F.Cu F.Paste F.Mask)
      (net 35 T_NRST))
    (pad 19 smd rect (at 0.25 4.35 180) (size 1.3 0.25) (layers F.Cu F.Paste F.Mask))
    (pad 20 smd rect (at 0.75 4.35 180) (size 1.3 0.25) (layers F.Cu F.Paste F.Mask)
      (net 4 GND))
    (pad 21 smd rect (at 1.25 4.35 180) (size 1.3 0.25) (layers F.Cu F.Paste F.Mask))
    (pad 22 smd rect (at 1.75 4.35 180) (size 1.3 0.25) (layers F.Cu F.Paste F.Mask))
    (pad 23 smd rect (at 2.25 4.35 180) (size 1.3 0.25) (layers F.Cu F.Paste F.Mask)
      (net 4 GND))
    (pad 24 smd rect (at 2.75 4.35 180) (size 1.3 0.25) (layers F.Cu F.Paste F.Mask)
      (net 7 +3V3))
    (pad 25 smd rect (at 4.35 2.75 90) (size 1.3 0.25) (layers F.Cu F.Paste F.Mask)
      (net 34 T_JTMS))
    (pad 26 smd rect (at 4.35 2.25 90) (size 1.3 0.25) (layers F.Cu F.Paste F.Mask)
      (net 24 T_JTCK))
    (pad 27 smd rect (at 4.35 1.75 90) (size 1.3 0.25) (layers F.Cu F.Paste F.Mask)
      (net 37 "Net-(R22-Pad2)"))
    (pad 28 smd rect (at 4.35 1.25 90) (size 1.3 0.25) (layers F.Cu F.Paste F.Mask))
    (pad 29 smd rect (at 4.35 0.75 90) (size 1.3 0.25) (layers F.Cu F.Paste F.Mask)
      (net 41 "Net-(R26-Pad1)"))
    (pad 30 smd rect (at 4.35 0.25 90) (size 1.3 0.25) (layers F.Cu F.Paste F.Mask)
      (net 30 /MCU/LED_STLINK))
    (pad 31 smd rect (at 4.35 -0.25 90) (size 1.3 0.25) (layers F.Cu F.Paste F.Mask)
      (net 36 T_SWO))
    (pad 32 smd rect (at 4.35 -0.75 90) (size 1.3 0.25) (layers F.Cu F.Paste F.Mask)
      (net 32 /MCU/USB_DM))
    (pad 33 smd rect (at 4.35 -1.25 90) (size 1.3 0.25) (layers F.Cu F.Paste F.Mask)
      (net 33 /MCU/USB_DP))
    (pad 34 smd rect (at 4.35 -1.75 90) (size 1.3 0.25) (layers F.Cu F.Paste F.Mask)
      (net 44 SYS_JTMS))
    (pad 35 smd rect (at 4.35 -2.25 90) (size 1.3 0.25) (layers F.Cu F.Paste F.Mask)
      (net 4 GND))
    (pad 36 smd rect (at 4.35 -2.75 90) (size 1.3 0.25) (layers F.Cu F.Paste F.Mask)
      (net 7 +3V3))
    (pad 37 smd rect (at 2.75 -4.35 180) (size 1.3 0.25) (layers F.Cu F.Paste F.Mask)
      (net 45 SYS_JTCK))
    (pad 38 smd rect (at 2.25 -4.35 180) (size 1.3 0.25) (layers F.Cu F.Paste F.Mask)
      (net 29 /MCU/USB_RENUMn))
    (pad 39 smd rect (at 1.75 -4.35 180) (size 1.3 0.25) (layers F.Cu F.Paste F.Mask)
      (net 25 "Net-(J6-Pad1)"))
    (pad 40 smd rect (at 1.25 -4.35 180) (size 1.3 0.25) (layers F.Cu F.Paste F.Mask))
    (pad 41 smd rect (at 0.75 -4.35 180) (size 1.3 0.25) (layers F.Cu F.Paste F.Mask))
    (pad 42 smd rect (at 0.25 -4.35 180) (size 1.3 0.25) (layers F.Cu F.Paste F.Mask))
    (pad 43 smd rect (at -0.25 -4.35 180) (size 1.3 0.25) (layers F.Cu F.Paste F.Mask))
    (pad 44 smd rect (at -0.75 -4.35 180) (size 1.3 0.25) (layers F.Cu F.Paste F.Mask)
      (net 39 "Net-(R24-Pad1)"))
    (pad 45 smd rect (at -1.25 -4.35 180) (size 1.3 0.25) (layers F.Cu F.Paste F.Mask))
    (pad 46 smd rect (at -1.75 -4.35 180) (size 1.3 0.25) (layers F.Cu F.Paste F.Mask))
    (pad 47 smd rect (at -2.25 -4.35 180) (size 1.3 0.25) (layers F.Cu F.Paste F.Mask)
      (net 4 GND))
    (pad 48 smd rect (at -2.75 -4.35 180) (size 1.3 0.25) (layers F.Cu F.Paste F.Mask)
      (net 7 +3V3))
    (model ${KISYS3DMOD}/Package_QFP.3dshapes/LQFP-48_7x7mm_P0.5mm.wrl
      (at (xyz 0 0 0))
      (scale (xyz 1 1 1))
      (rotate (xyz 0 0 0))
    )
  )

  (module Resistor_SMD:R_0603_1608Metric (layer F.Cu) (tedit 5B301BBD) (tstamp 5B958D94)
    (at 180.7 59.2)
    (descr "Resistor SMD 0603 (1608 Metric), square (rectangular) end terminal, IPC_7351 nominal, (Body size source: http://www.tortai-tech.com/upload/download/2011102023233369053.pdf), generated with kicad-footprint-generator")
    (tags resistor)
    (path /594D4643)
    (attr smd)
    (fp_text reference R6 (at 2.4 0) (layer F.SilkS)
      (effects (font (size 1 1) (thickness 0.15)))
    )
    (fp_text value 36k (at 0 1.43) (layer F.Fab)
      (effects (font (size 1 1) (thickness 0.15)))
    )
    (fp_text user %R (at 0 0) (layer F.Fab)
      (effects (font (size 0.4 0.4) (thickness 0.06)))
    )
    (fp_line (start 1.48 0.73) (end -1.48 0.73) (layer F.CrtYd) (width 0.05))
    (fp_line (start 1.48 -0.73) (end 1.48 0.73) (layer F.CrtYd) (width 0.05))
    (fp_line (start -1.48 -0.73) (end 1.48 -0.73) (layer F.CrtYd) (width 0.05))
    (fp_line (start -1.48 0.73) (end -1.48 -0.73) (layer F.CrtYd) (width 0.05))
    (fp_line (start -0.162779 0.51) (end 0.162779 0.51) (layer F.SilkS) (width 0.12))
    (fp_line (start -0.162779 -0.51) (end 0.162779 -0.51) (layer F.SilkS) (width 0.12))
    (fp_line (start 0.8 0.4) (end -0.8 0.4) (layer F.Fab) (width 0.1))
    (fp_line (start 0.8 -0.4) (end 0.8 0.4) (layer F.Fab) (width 0.1))
    (fp_line (start -0.8 -0.4) (end 0.8 -0.4) (layer F.Fab) (width 0.1))
    (fp_line (start -0.8 0.4) (end -0.8 -0.4) (layer F.Fab) (width 0.1))
    (pad 2 smd roundrect (at 0.7875 0) (size 0.875 0.95) (layers F.Cu F.Paste F.Mask) (roundrect_rratio 0.25)
      (net 26 "Net-(Q1-Pad1)"))
    (pad 1 smd roundrect (at -0.7875 0) (size 0.875 0.95) (layers F.Cu F.Paste F.Mask) (roundrect_rratio 0.25)
      (net 4 GND))
    (model ${KISYS3DMOD}/Resistor_SMD.3dshapes/R_0603_1608Metric.wrl
      (at (xyz 0 0 0))
      (scale (xyz 1 1 1))
      (rotate (xyz 0 0 0))
    )
  )

  (module Capacitors_SMD:C_1206 (layer F.Cu) (tedit 58AA84B8) (tstamp 594968C9)
    (at 160.1 58.3 270)
    (descr "Capacitor SMD 1206, reflow soldering, AVX (see smccp.pdf)")
    (tags "capacitor 1206")
    (path /594B5765)
    (attr smd)
    (fp_text reference C1 (at -3 0.5) (layer F.SilkS)
      (effects (font (size 1 1) (thickness 0.15)))
    )
    (fp_text value 10u (at 0 2 270) (layer F.Fab)
      (effects (font (size 1 1) (thickness 0.15)))
    )
    (fp_text user %R (at 0 -1.75 270) (layer F.Fab)
      (effects (font (size 1 1) (thickness 0.15)))
    )
    (fp_line (start -1.6 0.8) (end -1.6 -0.8) (layer F.Fab) (width 0.1))
    (fp_line (start 1.6 0.8) (end -1.6 0.8) (layer F.Fab) (width 0.1))
    (fp_line (start 1.6 -0.8) (end 1.6 0.8) (layer F.Fab) (width 0.1))
    (fp_line (start -1.6 -0.8) (end 1.6 -0.8) (layer F.Fab) (width 0.1))
    (fp_line (start 1 -1.02) (end -1 -1.02) (layer F.SilkS) (width 0.12))
    (fp_line (start -1 1.02) (end 1 1.02) (layer F.SilkS) (width 0.12))
    (fp_line (start -2.25 -1.05) (end 2.25 -1.05) (layer F.CrtYd) (width 0.05))
    (fp_line (start -2.25 -1.05) (end -2.25 1.05) (layer F.CrtYd) (width 0.05))
    (fp_line (start 2.25 1.05) (end 2.25 -1.05) (layer F.CrtYd) (width 0.05))
    (fp_line (start 2.25 1.05) (end -2.25 1.05) (layer F.CrtYd) (width 0.05))
    (pad 1 smd rect (at -1.5 0 270) (size 1 1.6) (layers F.Cu F.Paste F.Mask)
      (net 1 +5VP))
    (pad 2 smd rect (at 1.5 0 270) (size 1 1.6) (layers F.Cu F.Paste F.Mask)
      (net 2 GNDPWR))
    (model Capacitors_SMD.3dshapes/C_1206.wrl
      (at (xyz 0 0 0))
      (scale (xyz 1 1 1))
      (rotate (xyz 0 0 0))
    )
  )

  (module Capacitor_SMD:C_0603_1608Metric (layer F.Cu) (tedit 5B301BBE) (tstamp 5B958A65)
    (at 163.5 58.4 270)
    (descr "Capacitor SMD 0603 (1608 Metric), square (rectangular) end terminal, IPC_7351 nominal, (Body size source: http://www.tortai-tech.com/upload/download/2011102023233369053.pdf), generated with kicad-footprint-generator")
    (tags capacitor)
    (path /594A5602)
    (attr smd)
    (fp_text reference C2 (at 2.4 0 270) (layer F.SilkS)
      (effects (font (size 1 1) (thickness 0.15)))
    )
    (fp_text value 0.1u (at 0 1.43 270) (layer F.Fab)
      (effects (font (size 1 1) (thickness 0.15)))
    )
    (fp_text user %R (at 0 0 270) (layer F.Fab)
      (effects (font (size 0.4 0.4) (thickness 0.06)))
    )
    (fp_line (start 1.48 0.73) (end -1.48 0.73) (layer F.CrtYd) (width 0.05))
    (fp_line (start 1.48 -0.73) (end 1.48 0.73) (layer F.CrtYd) (width 0.05))
    (fp_line (start -1.48 -0.73) (end 1.48 -0.73) (layer F.CrtYd) (width 0.05))
    (fp_line (start -1.48 0.73) (end -1.48 -0.73) (layer F.CrtYd) (width 0.05))
    (fp_line (start -0.162779 0.51) (end 0.162779 0.51) (layer F.SilkS) (width 0.12))
    (fp_line (start -0.162779 -0.51) (end 0.162779 -0.51) (layer F.SilkS) (width 0.12))
    (fp_line (start 0.8 0.4) (end -0.8 0.4) (layer F.Fab) (width 0.1))
    (fp_line (start 0.8 -0.4) (end 0.8 0.4) (layer F.Fab) (width 0.1))
    (fp_line (start -0.8 -0.4) (end 0.8 -0.4) (layer F.Fab) (width 0.1))
    (fp_line (start -0.8 0.4) (end -0.8 -0.4) (layer F.Fab) (width 0.1))
    (pad 2 smd roundrect (at 0.7875 0 270) (size 0.875 0.95) (layers F.Cu F.Paste F.Mask) (roundrect_rratio 0.25)
      (net 2 GNDPWR))
    (pad 1 smd roundrect (at -0.7875 0 270) (size 0.875 0.95) (layers F.Cu F.Paste F.Mask) (roundrect_rratio 0.25)
      (net 1 +5VP))
    (model ${KISYS3DMOD}/Capacitor_SMD.3dshapes/C_0603_1608Metric.wrl
      (at (xyz 0 0 0))
      (scale (xyz 1 1 1))
      (rotate (xyz 0 0 0))
    )
  )

  (module Capacitor_SMD:C_0603_1608Metric (layer F.Cu) (tedit 5B301BBE) (tstamp 5B958A75)
    (at 162.1 60.2 270)
    (descr "Capacitor SMD 0603 (1608 Metric), square (rectangular) end terminal, IPC_7351 nominal, (Body size source: http://www.tortai-tech.com/upload/download/2011102023233369053.pdf), generated with kicad-footprint-generator")
    (tags capacitor)
    (path /594A50DF)
    (attr smd)
    (fp_text reference C3 (at -2.4 0 270) (layer F.SilkS)
      (effects (font (size 1 1) (thickness 0.15)))
    )
    (fp_text value 0.1u (at 0 1.43 270) (layer F.Fab)
      (effects (font (size 1 1) (thickness 0.15)))
    )
    (fp_line (start -0.8 0.4) (end -0.8 -0.4) (layer F.Fab) (width 0.1))
    (fp_line (start -0.8 -0.4) (end 0.8 -0.4) (layer F.Fab) (width 0.1))
    (fp_line (start 0.8 -0.4) (end 0.8 0.4) (layer F.Fab) (width 0.1))
    (fp_line (start 0.8 0.4) (end -0.8 0.4) (layer F.Fab) (width 0.1))
    (fp_line (start -0.162779 -0.51) (end 0.162779 -0.51) (layer F.SilkS) (width 0.12))
    (fp_line (start -0.162779 0.51) (end 0.162779 0.51) (layer F.SilkS) (width 0.12))
    (fp_line (start -1.48 0.73) (end -1.48 -0.73) (layer F.CrtYd) (width 0.05))
    (fp_line (start -1.48 -0.73) (end 1.48 -0.73) (layer F.CrtYd) (width 0.05))
    (fp_line (start 1.48 -0.73) (end 1.48 0.73) (layer F.CrtYd) (width 0.05))
    (fp_line (start 1.48 0.73) (end -1.48 0.73) (layer F.CrtYd) (width 0.05))
    (fp_text user %R (at 0 0 270) (layer F.Fab)
      (effects (font (size 0.4 0.4) (thickness 0.06)))
    )
    (pad 1 smd roundrect (at -0.7875 0 270) (size 0.875 0.95) (layers F.Cu F.Paste F.Mask) (roundrect_rratio 0.25)
      (net 2 GNDPWR))
    (pad 2 smd roundrect (at 0.7875 0 270) (size 0.875 0.95) (layers F.Cu F.Paste F.Mask) (roundrect_rratio 0.25)
      (net 3 "Net-(C3-Pad2)"))
    (model ${KISYS3DMOD}/Capacitor_SMD.3dshapes/C_0603_1608Metric.wrl
      (at (xyz 0 0 0))
      (scale (xyz 1 1 1))
      (rotate (xyz 0 0 0))
    )
  )

  (module Capacitor_SMD:C_0603_1608Metric (layer F.Cu) (tedit 5B301BBE) (tstamp 5B958A85)
    (at 177.8 59.9 270)
    (descr "Capacitor SMD 0603 (1608 Metric), square (rectangular) end terminal, IPC_7351 nominal, (Body size source: http://www.tortai-tech.com/upload/download/2011102023233369053.pdf), generated with kicad-footprint-generator")
    (tags capacitor)
    (path /5949101E)
    (attr smd)
    (fp_text reference C4 (at 2.3 0 270) (layer F.SilkS)
      (effects (font (size 1 1) (thickness 0.15)))
    )
    (fp_text value 0.1u (at 0 1.43 270) (layer F.Fab)
      (effects (font (size 1 1) (thickness 0.15)))
    )
    (fp_text user %R (at 0 0 270) (layer F.Fab)
      (effects (font (size 0.4 0.4) (thickness 0.06)))
    )
    (fp_line (start 1.48 0.73) (end -1.48 0.73) (layer F.CrtYd) (width 0.05))
    (fp_line (start 1.48 -0.73) (end 1.48 0.73) (layer F.CrtYd) (width 0.05))
    (fp_line (start -1.48 -0.73) (end 1.48 -0.73) (layer F.CrtYd) (width 0.05))
    (fp_line (start -1.48 0.73) (end -1.48 -0.73) (layer F.CrtYd) (width 0.05))
    (fp_line (start -0.162779 0.51) (end 0.162779 0.51) (layer F.SilkS) (width 0.12))
    (fp_line (start -0.162779 -0.51) (end 0.162779 -0.51) (layer F.SilkS) (width 0.12))
    (fp_line (start 0.8 0.4) (end -0.8 0.4) (layer F.Fab) (width 0.1))
    (fp_line (start 0.8 -0.4) (end 0.8 0.4) (layer F.Fab) (width 0.1))
    (fp_line (start -0.8 -0.4) (end 0.8 -0.4) (layer F.Fab) (width 0.1))
    (fp_line (start -0.8 0.4) (end -0.8 -0.4) (layer F.Fab) (width 0.1))
    (pad 2 smd roundrect (at 0.7875 0 270) (size 0.875 0.95) (layers F.Cu F.Paste F.Mask) (roundrect_rratio 0.25)
      (net 5 "Net-(C4-Pad2)"))
    (pad 1 smd roundrect (at -0.7875 0 270) (size 0.875 0.95) (layers F.Cu F.Paste F.Mask) (roundrect_rratio 0.25)
      (net 4 GND))
    (model ${KISYS3DMOD}/Capacitor_SMD.3dshapes/C_0603_1608Metric.wrl
      (at (xyz 0 0 0))
      (scale (xyz 1 1 1))
      (rotate (xyz 0 0 0))
    )
  )

  (module Capacitor_SMD:C_0603_1608Metric (layer F.Cu) (tedit 5B301BBE) (tstamp 5B958A95)
    (at 176.4 58.4 270)
    (descr "Capacitor SMD 0603 (1608 Metric), square (rectangular) end terminal, IPC_7351 nominal, (Body size source: http://www.tortai-tech.com/upload/download/2011102023233369053.pdf), generated with kicad-footprint-generator")
    (tags capacitor)
    (path /594A4FB1)
    (attr smd)
    (fp_text reference C5 (at 2.5 0 270) (layer F.SilkS)
      (effects (font (size 1 1) (thickness 0.15)))
    )
    (fp_text value 0.1u (at 0 1.43 270) (layer F.Fab)
      (effects (font (size 1 1) (thickness 0.15)))
    )
    (fp_text user %R (at 0 0 270) (layer F.Fab)
      (effects (font (size 0.4 0.4) (thickness 0.06)))
    )
    (fp_line (start 1.48 0.73) (end -1.48 0.73) (layer F.CrtYd) (width 0.05))
    (fp_line (start 1.48 -0.73) (end 1.48 0.73) (layer F.CrtYd) (width 0.05))
    (fp_line (start -1.48 -0.73) (end 1.48 -0.73) (layer F.CrtYd) (width 0.05))
    (fp_line (start -1.48 0.73) (end -1.48 -0.73) (layer F.CrtYd) (width 0.05))
    (fp_line (start -0.162779 0.51) (end 0.162779 0.51) (layer F.SilkS) (width 0.12))
    (fp_line (start -0.162779 -0.51) (end 0.162779 -0.51) (layer F.SilkS) (width 0.12))
    (fp_line (start 0.8 0.4) (end -0.8 0.4) (layer F.Fab) (width 0.1))
    (fp_line (start 0.8 -0.4) (end 0.8 0.4) (layer F.Fab) (width 0.1))
    (fp_line (start -0.8 -0.4) (end 0.8 -0.4) (layer F.Fab) (width 0.1))
    (fp_line (start -0.8 0.4) (end -0.8 -0.4) (layer F.Fab) (width 0.1))
    (pad 2 smd roundrect (at 0.7875 0 270) (size 0.875 0.95) (layers F.Cu F.Paste F.Mask) (roundrect_rratio 0.25)
      (net 4 GND))
    (pad 1 smd roundrect (at -0.7875 0 270) (size 0.875 0.95) (layers F.Cu F.Paste F.Mask) (roundrect_rratio 0.25)
      (net 6 +5V))
    (model ${KISYS3DMOD}/Capacitor_SMD.3dshapes/C_0603_1608Metric.wrl
      (at (xyz 0 0 0))
      (scale (xyz 1 1 1))
      (rotate (xyz 0 0 0))
    )
  )

  (module Capacitor_SMD:C_0603_1608Metric (layer B.Cu) (tedit 5B301BBE) (tstamp 5B958AA5)
    (at 174.6 53.6 270)
    (descr "Capacitor SMD 0603 (1608 Metric), square (rectangular) end terminal, IPC_7351 nominal, (Body size source: http://www.tortai-tech.com/upload/download/2011102023233369053.pdf), generated with kicad-footprint-generator")
    (tags capacitor)
    (path /594BDB49)
    (attr smd)
    (fp_text reference C6 (at 0 1.43 270) (layer B.SilkS)
      (effects (font (size 1 1) (thickness 0.15)) (justify mirror))
    )
    (fp_text value 1u (at 0 -1.43 270) (layer B.Fab)
      (effects (font (size 1 1) (thickness 0.15)) (justify mirror))
    )
    (fp_text user %R (at 0 0 270) (layer B.Fab)
      (effects (font (size 0.4 0.4) (thickness 0.06)) (justify mirror))
    )
    (fp_line (start 1.48 -0.73) (end -1.48 -0.73) (layer B.CrtYd) (width 0.05))
    (fp_line (start 1.48 0.73) (end 1.48 -0.73) (layer B.CrtYd) (width 0.05))
    (fp_line (start -1.48 0.73) (end 1.48 0.73) (layer B.CrtYd) (width 0.05))
    (fp_line (start -1.48 -0.73) (end -1.48 0.73) (layer B.CrtYd) (width 0.05))
    (fp_line (start -0.162779 -0.51) (end 0.162779 -0.51) (layer B.SilkS) (width 0.12))
    (fp_line (start -0.162779 0.51) (end 0.162779 0.51) (layer B.SilkS) (width 0.12))
    (fp_line (start 0.8 -0.4) (end -0.8 -0.4) (layer B.Fab) (width 0.1))
    (fp_line (start 0.8 0.4) (end 0.8 -0.4) (layer B.Fab) (width 0.1))
    (fp_line (start -0.8 0.4) (end 0.8 0.4) (layer B.Fab) (width 0.1))
    (fp_line (start -0.8 -0.4) (end -0.8 0.4) (layer B.Fab) (width 0.1))
    (pad 2 smd roundrect (at 0.7875 0 270) (size 0.875 0.95) (layers B.Cu B.Paste B.Mask) (roundrect_rratio 0.25)
      (net 4 GND))
    (pad 1 smd roundrect (at -0.7875 0 270) (size 0.875 0.95) (layers B.Cu B.Paste B.Mask) (roundrect_rratio 0.25)
      (net 6 +5V))
    (model ${KISYS3DMOD}/Capacitor_SMD.3dshapes/C_0603_1608Metric.wrl
      (at (xyz 0 0 0))
      (scale (xyz 1 1 1))
      (rotate (xyz 0 0 0))
    )
  )

  (module Capacitor_SMD:C_0603_1608Metric (layer B.Cu) (tedit 5B301BBE) (tstamp 5B958AB5)
    (at 179.6 53.6 270)
    (descr "Capacitor SMD 0603 (1608 Metric), square (rectangular) end terminal, IPC_7351 nominal, (Body size source: http://www.tortai-tech.com/upload/download/2011102023233369053.pdf), generated with kicad-footprint-generator")
    (tags capacitor)
    (path /594BD7F9)
    (attr smd)
    (fp_text reference C7 (at 0 -1.5 270) (layer B.SilkS)
      (effects (font (size 1 1) (thickness 0.15)) (justify mirror))
    )
    (fp_text value 1u (at 0 -1.43 270) (layer B.Fab)
      (effects (font (size 1 1) (thickness 0.15)) (justify mirror))
    )
    (fp_line (start -0.8 -0.4) (end -0.8 0.4) (layer B.Fab) (width 0.1))
    (fp_line (start -0.8 0.4) (end 0.8 0.4) (layer B.Fab) (width 0.1))
    (fp_line (start 0.8 0.4) (end 0.8 -0.4) (layer B.Fab) (width 0.1))
    (fp_line (start 0.8 -0.4) (end -0.8 -0.4) (layer B.Fab) (width 0.1))
    (fp_line (start -0.162779 0.51) (end 0.162779 0.51) (layer B.SilkS) (width 0.12))
    (fp_line (start -0.162779 -0.51) (end 0.162779 -0.51) (layer B.SilkS) (width 0.12))
    (fp_line (start -1.48 -0.73) (end -1.48 0.73) (layer B.CrtYd) (width 0.05))
    (fp_line (start -1.48 0.73) (end 1.48 0.73) (layer B.CrtYd) (width 0.05))
    (fp_line (start 1.48 0.73) (end 1.48 -0.73) (layer B.CrtYd) (width 0.05))
    (fp_line (start 1.48 -0.73) (end -1.48 -0.73) (layer B.CrtYd) (width 0.05))
    (fp_text user %R (at 0 0 270) (layer B.Fab)
      (effects (font (size 0.4 0.4) (thickness 0.06)) (justify mirror))
    )
    (pad 1 smd roundrect (at -0.7875 0 270) (size 0.875 0.95) (layers B.Cu B.Paste B.Mask) (roundrect_rratio 0.25)
      (net 7 +3V3))
    (pad 2 smd roundrect (at 0.7875 0 270) (size 0.875 0.95) (layers B.Cu B.Paste B.Mask) (roundrect_rratio 0.25)
      (net 4 GND))
    (model ${KISYS3DMOD}/Capacitor_SMD.3dshapes/C_0603_1608Metric.wrl
      (at (xyz 0 0 0))
      (scale (xyz 1 1 1))
      (rotate (xyz 0 0 0))
    )
  )

  (module Capacitor_SMD:C_0603_1608Metric (layer B.Cu) (tedit 5B301BBE) (tstamp 5B958AC5)
    (at 176.7 80.8)
    (descr "Capacitor SMD 0603 (1608 Metric), square (rectangular) end terminal, IPC_7351 nominal, (Body size source: http://www.tortai-tech.com/upload/download/2011102023233369053.pdf), generated with kicad-footprint-generator")
    (tags capacitor)
    (path /5947EEDF/5947F344)
    (attr smd)
    (fp_text reference C8 (at 0 1.43) (layer B.SilkS)
      (effects (font (size 1 1) (thickness 0.15)) (justify mirror))
    )
    (fp_text value 0.1u (at 0 -1.43) (layer B.Fab)
      (effects (font (size 1 1) (thickness 0.15)) (justify mirror))
    )
    (fp_line (start -0.8 -0.4) (end -0.8 0.4) (layer B.Fab) (width 0.1))
    (fp_line (start -0.8 0.4) (end 0.8 0.4) (layer B.Fab) (width 0.1))
    (fp_line (start 0.8 0.4) (end 0.8 -0.4) (layer B.Fab) (width 0.1))
    (fp_line (start 0.8 -0.4) (end -0.8 -0.4) (layer B.Fab) (width 0.1))
    (fp_line (start -0.162779 0.51) (end 0.162779 0.51) (layer B.SilkS) (width 0.12))
    (fp_line (start -0.162779 -0.51) (end 0.162779 -0.51) (layer B.SilkS) (width 0.12))
    (fp_line (start -1.48 -0.73) (end -1.48 0.73) (layer B.CrtYd) (width 0.05))
    (fp_line (start -1.48 0.73) (end 1.48 0.73) (layer B.CrtYd) (width 0.05))
    (fp_line (start 1.48 0.73) (end 1.48 -0.73) (layer B.CrtYd) (width 0.05))
    (fp_line (start 1.48 -0.73) (end -1.48 -0.73) (layer B.CrtYd) (width 0.05))
    (fp_text user %R (at 0 0) (layer B.Fab)
      (effects (font (size 0.4 0.4) (thickness 0.06)) (justify mirror))
    )
    (pad 1 smd roundrect (at -0.7875 0) (size 0.875 0.95) (layers B.Cu B.Paste B.Mask) (roundrect_rratio 0.25)
      (net 43 SYS_NRST))
    (pad 2 smd roundrect (at 0.7875 0) (size 0.875 0.95) (layers B.Cu B.Paste B.Mask) (roundrect_rratio 0.25)
      (net 4 GND))
    (model ${KISYS3DMOD}/Capacitor_SMD.3dshapes/C_0603_1608Metric.wrl
      (at (xyz 0 0 0))
      (scale (xyz 1 1 1))
      (rotate (xyz 0 0 0))
    )
  )

  (module Capacitor_SMD:C_0603_1608Metric (layer F.Cu) (tedit 5B301BBE) (tstamp 5B958AD5)
    (at 172.7 83.6 90)
